-1.376454521494995586e-09 -2.207588715006263813e-09 -2.363043466722060342e-09 -2.487679381529044980e-09 -2.832989805424734513e-09 -3.594391800567671914e-09 -4.089218567229679596e-09 -4.387109360191832907e-09 -4.207486579030229973e-09 -4.387109360191832907e-09 -4.089218567229679596e-09 -3.594391800567671914e-09 -2.832989805424734513e-09 -2.487679381529044980e-09 -2.363043466722060342e-09 -2.207588715006263813e-09 -1.376454521494995586e-09
-2.248372403367915187e-09 -3.655328631300162413e-09 -3.834017448111343563e-09 -4.916907784204325962e-09 -5.874346296576868282e-09 -7.430728045913401700e-09 -8.011034596232884673e-09 -8.948848043873331249e-09 -8.809929404941965559e-09 -8.948848043873331249e-09 -8.011034596232884673e-09 -7.430728045913401700e-09 -5.874346296576868282e-09 -4.916907784204325962e-09 -3.834017448111343563e-09 -3.655328631300162413e-09 -2.248372403367915187e-09
-2.796158985911757262e-09 -4.155988873414009688e-09 -5.540429967800244410e-09 -7.261537875590786740e-09 -8.134132244498777647e-09 -9.714140317514360204e-09 -1.113545016510815165e-08 -1.196310021373455470e-08 -1.240183212501233225e-08 -1.196310021373455470e-08 -1.113545016510815165e-08 -9.714140317514360204e-09 -8.134132244498777647e-09 -7.261537875590786740e-09 -5.540429967800244410e-09 -4.155988873414009688e-09 -2.796158985911757262e-09
-2.856875377984415059e-09 -4.858651463818835075e-09 -6.576183058386227612e-09 -8.284126316055490150e-09 -9.954473086448790968e-09 -1.205664579166117367e-08 -1.436409401703210604e-08 -1.603089909317990480e-08 -1.686452410741472920e-08 -1.603089909317990480e-08 -1.436409401703210604e-08 -1.205664579166117367e-08 -9.954473086448790968e-09 -8.284126316055490150e-09 -6.576183058386227612e-09 -4.858651463818835075e-09 -2.856875377984415059e-09
-3.024665034505331072e-09 -4.819964925351480921e-09 -6.913927378860908025e-09 -9.068018793519908348e-09 -1.147904386207906173e-08 -1.473511780525016044e-08 -1.806167313317397910e-08 -2.110583030066289695e-08 -2.253293017523961718e-08 -2.110583030066289695e-08 -1.806167313317397910e-08 -1.473511780525016044e-08 -1.147904386207906173e-08 -9.068018793519908348e-09 -6.913927378860908025e-09 -4.819964925351480921e-09 -3.024665034505331072e-09
-2.527675647861216125e-09 -4.805080801822206886e-09 -7.374389362987171963e-09 -9.723445465996378673e-09 -1.325674229894730987e-08 -1.792515276142660508e-08 -2.372503323340209215e-08 -3.022284737406415526e-08 -3.407662147616176462e-08 -3.022284737406415526e-08 -2.372503323340209215e-08 -1.792515276142660508e-08 -1.325674229894730987e-08 -9.723445465996378673e-09 -7.374389362987171963e-09 -4.805080801822206886e-09 -2.527675647861216125e-09
-2.069536476639497186e-09 -4.445469273350073839e-09 -6.933154244748275269e-09 -9.897251560969635012e-09 -1.468539194865698510e-08 -2.239697869823534927e-08 -3.381107709532885209e-08 -4.835670923908356341e-08 -6.059017295472730077e-08 -4.835670923908356341e-08 -3.381107709532885209e-08 -2.239697869823534927e-08 -1.468539194865698510e-08 -9.897251560969635012e-09 -6.933154244748275269e-09 -4.445469273350073839e-09 -2.069536476639497186e-09
-1.660269714521697667e-09 -3.332728896824937518e-09 -5.861452272073579088e-09 -9.857586802095147874e-09 -1.621032017464016482e-08 -2.798605520412000564e-08 -4.891638976603900270e-08 -8.613770617239654201e-08 -1.372098187696135774e-07 -8.613770617239654201e-08 -4.891638976603900270e-08 -2.798605520412000564e-08 -1.621032017464016482e-08 -9.857586802095147874e-09 -5.861452272073579088e-09 -3.332728896824937518e-09 -1.660269714521697667e-09
3.895827079543215095e-11 -1.654366942213368603e-09 -4.446586632359257378e-09 -8.528267734201168418e-09 -1.602545292630325492e-08 -3.046344865362502750e-08 -6.375563452293458460e-08 -1.584011890622512182e-07 -4.653174233407681933e-07 -1.584011890622512182e-07 -6.375563452293458460e-08 -3.046344865362502750e-08 -1.602545292630325492e-08 -8.528267734201168418e-09 -4.446586632359257378e-09 -1.654366942213368603e-09 3.895827079543215095e-11
-1.660269714521698701e-09 -3.332728896824937932e-09 -5.861452272073581570e-09 -9.857586802095144565e-09 -1.621032017464016151e-08 -2.798605520411999240e-08 -4.891638976603897623e-08 -8.613770617239652878e-08 -1.372098187696136038e-07 -8.613770617239652878e-08 -4.891638976603897623e-08 -2.798605520411999240e-08 -1.621032017464016151e-08 -9.857586802095144565e-09 -5.861452272073581570e-09 -3.332728896824937932e-09 -1.660269714521698701e-09
-2.069536476639497600e-09 -4.445469273350074666e-09 -6.933154244748273615e-09 -9.897251560969635012e-09 -1.468539194865698014e-08 -2.239697869823533934e-08 -3.381107709532885209e-08 -4.835670923908355680e-08 -6.059017295472731400e-08 -4.835670923908355680e-08 -3.381107709532885209e-08 -2.239697869823533934e-08 -1.468539194865698014e-08 -9.897251560969635012e-09 -6.933154244748273615e-09 -4.445469273350074666e-09 -2.069536476639497600e-09
-2.527675647861221088e-09 -4.805080801822206886e-09 -7.374389362987168654e-09 -9.723445465996373710e-09 -1.325674229894731152e-08 -1.792515276142658853e-08 -2.372503323340208222e-08 -3.022284737406415526e-08 -3.407662147616176462e-08 -3.022284737406415526e-08 -2.372503323340208222e-08 -1.792515276142658853e-08 -1.325674229894731152e-08 -9.723445465996373710e-09 -7.374389362987168654e-09 -4.805080801822206886e-09 -2.527675647861221088e-09
-3.024665034505336862e-09 -4.819964925351488366e-09 -6.913927378860907198e-09 -9.068018793519908348e-09 -1.147904386207906338e-08 -1.473511780525017367e-08 -1.806167313317397910e-08 -2.110583030066291350e-08 -2.253293017523963042e-08 -2.110583030066291350e-08 -1.806167313317397910e-08 -1.473511780525017367e-08 -1.147904386207906338e-08 -9.068018793519908348e-09 -6.913927378860907198e-09 -4.819964925351488366e-09 -3.024665034505336862e-09
-2.856875377984415886e-09 -4.858651463818837556e-09 -6.576183058386230094e-09 -8.284126316055491804e-09 -9.954473086448794276e-09 -1.205664579166118525e-08 -1.436409401703211432e-08 -1.603089909317991803e-08 -1.686452410741473250e-08 -1.603089909317991803e-08 -1.436409401703211432e-08 -1.205664579166118525e-08 -9.954473086448794276e-09 -8.284126316055491804e-09 -6.576183058386230094e-09 -4.858651463818837556e-09 -2.856875377984415886e-09
-2.796158985911758503e-09 -4.155988873414007207e-09 -5.540429967800245237e-09 -7.261537875590788394e-09 -8.134132244498784265e-09 -9.714140317514370130e-09 -1.113545016510816323e-08 -1.196310021373455966e-08 -1.240183212501233556e-08 -1.196310021373455966e-08 -1.113545016510816323e-08 -9.714140317514370130e-09 -8.134132244498784265e-09 -7.261537875590788394e-09 -5.540429967800245237e-09 -4.155988873414007207e-09 -2.796158985911758503e-09
-2.248372403367913946e-09 -3.655328631300159518e-09 -3.834017448111341081e-09 -4.916907784204325134e-09 -5.874346296576865800e-09 -7.430728045913407491e-09 -8.011034596232889636e-09 -8.948848043873334558e-09 -8.809929404941972176e-09 -8.948848043873334558e-09 -8.011034596232889636e-09 -7.430728045913407491e-09 -5.874346296576865800e-09 -4.916907784204325134e-09 -3.834017448111341081e-09 -3.655328631300159518e-09 -2.248372403367913946e-09
-1.376454521494995793e-09 -2.207588715006262986e-09 -2.363043466722060342e-09 -2.487679381529046221e-09 -2.832989805424735754e-09 -3.594391800567673982e-09 -4.089218567229682078e-09 -4.387109360191835389e-09 -4.207486579030234109e-09 -4.387109360191835389e-09 -4.089218567229682078e-09 -3.594391800567673982e-09 -2.832989805424735754e-09 -2.487679381529046221e-09 -2.363043466722060342e-09 -2.207588715006262986e-09 -1.376454521494995793e-09
